F1    27  91  49  49 126
F2    27  91  49  50 126
F3    27  91  49  51 126
F4    27  91  49  52 126
F5    27  91  49  53 126
F6    27  91  49  55 126
F7    27  91  49  56 126
F8    27  91  49  57 126
F9    27  91  50  48 126
F10    27  91  50  49 126
Up_Arrow    27  91  65
Down_Arrow    27  91  66
Left_Arrow    27  91  68
Right_Arrow    27  91  67
Insert    27  91  50 126
Abort    27  91  50  51 126
Properties    27  91  50  53 126
Search    27  91  51  51 126
Again    27  91  50  52 126
Undo    27  91  50  54 126
Cut    27  91  51  52 126
